#  APIS_setup:  Contains data specific values for ACS data and API Keys

# Current ACS database
curACS <- "acs1923"
curYr <- 2023
fipslist <<- ""
censAPI <- "08fe07c2a7bf781b7771d7cccb264fe7ff8965ce"
bls_key <- "83f30bc393ec476ea29aa55d5bb06cf7"
